39.032596 37.391502 32.007296
23.200787 10.761003 0.894988
28.112534 33.975119 36.093444
24.144956 39.424332 37.138149
33.965580 31.341381 34.503138
37.450318 16.837467 13.862441
10.690789 7.711114 10.668812
13.740600 37.791509 34.510014
31.827548 27.871352 17.501349
28.250549 32.946562 35.944000
8.094755 11.333442 8.973513
9.260938 9.704591 5.245718
2.977318 -9.523970 -12.998973
-13.149474 2.789826 4.300818
3.941791 1.762164 1.363567
1.680119 1.641557 3.408830
3.307976 1.785359 1.033364
1.114127 -22.759334 -19.412875
-20.162745 -19.325097 -22.012382
-26.797172 -27.478760 -27.295226
-219.274485 -231.897006 -234.681449
-224.450371 -199.559374 -181.162594
-234.329640 -255.725084 -246.918265
-242.327912 -235.587236 -234.054695
-231.830990 -229.481872 -233.455867
-235.341229 -213.631010 -208.249025
-204.582012 -201.063278 -206.271579
-210.190584 -247.914595 -253.478882
-251.863954 -247.421333 -232.972081
-251.384700 -257.676779 -258.798756
